# Player start position.
1,1

# Max maze co-ordinates.
47,11

# Finish Point.
46,10

# Draw distance (x, y).
7,5

# Boundary walls
0,0 47,0
0,1 0,11
1,11 46,11
47,1 48,10

8,1 8,1
12,1 12,1

1,2 3,2
5,2 6,2
8,2 10,2
15,2 18,2
24,2 33,2
36,2,38,2
40,2 43,2

2,3 2,3
5,3 5,3
14,3 14,3
22,3 33,3
36,3 36,3
39,3 39,3
44,3 46,3

4,4 4,4
7,4 13,4
16,4 16,4
20,4 27,4
34,4 34,4
38,4 38,4
41,4 41,4
45,4 46,4

1,5 3,5
6,5 6,5
18,5 18,5
30,5 31,5
34,5 34,5
37,5 37,5
40,5 40,5
43,5 43,5
46,5 46,5

5,6 5,6
8,6 14,6
17,6 17,6
20,6 28,6
31,6 32,6
35,6 37,6
39,6 44,6

2,7 4,7
8,7 8,7
16,7 16,7
29,7 29,7
33,7 33,7
44,7 45,7

8,8 8,8
10,8 15,8
19,8 19,8
22,8 29,8
34,8 36,8
39,8 45,8

2,9 15,9
19,9 19,9
22,9 22,9
30,9 31,9
37,9 37,9
40,9 40,9
42,9 43,9
45,9 45,9

18,10 18,10
25,10 30,10
34,10 35,10
38,10 38,10
45,10 45,10
